499.83 2.55
496.62 2.56
491.92 2.97
487.22 3.59
482.51 4.40
477.81 5.49
473.10 6.93
468.40 8.52
463.69 10.68
458.99 13.38
454.28 17.07
449.58 21.41
445.30 26.21
441.45 31.27
438.03 36.04
434.18 40.53
429.69 45.23
425.20 49.04
420.92 53.41
417.03 58.78
415.36 63.62
414.08 68.61
413.22 73.05
412.53 78.28
411.60 83.01
410.66 88.07
409.80 92.45
408.53 96.07
405.80 99.46
402.75 96.00
400.18 91.32
399.32 86.66
397.27 80.18
396.33 73.98
395.48 69.53
394.62 64.76
394.28 58.40
392.91 50.56
392.27 44.59
391.41 38.14
390.34 33.28
389.70 29.14
388.42 23.55
386.63 17.68
384.57 12.13
381.58 6.27
380.31 4.06
