520.03 13.55
517.83 14.46
514.38 16.17
510.92 18.01
507.47 19.92
504.01 21.78
500.56 24.00
497.10 26.48
493.65 29.02
490.19 31.81
486.73 35.00
483.28 38.49
479.82 41.98
476.36 45.84
472.90 50.10
469.44 54.72
465.99 59.56
462.53 64.87
459.07 70.64
455.60 76.65
452.15 81.92
448.69 87.13
445.23 91.97
441.77 96.33
438.31 99.57
434.86 100.16
431.41 98.72
427.96 95.51
424.51 90.77
421.38 84.47
419.20 78.19
417.64 71.42
416.08 64.59
414.52 57.82
412.96 51.10
411.40 44.71
409.68 38.59
407.80 32.21
405.93 26.36
403.90 20.29
400.87 12.14
