520.03
517.83
514.38
510.92
507.47
504.01
500.56
499.83
497.1
496.62
493.65
491.92
490.19
487.22
486.73
483.28
482.51
479.82
477.81
476.36
473.1
472.9
469.44
468.4
465.99
463.69
462.53
459.07
458.99
455.6
454.28
452.15
449.58
448.69
445.3
445.23
441.77
441.45
438.31
438.03
434.86
434.18
431.41
429.69
427.96
425.2
424.51
421.38
420.92
419.2
417.64
417.03
416.08
415.36
414.52
414.08
413.22
412.96
412.53
411.6
411.4
410.66
409.8
409.68
408.53
407.8
405.93
405.8
403.9
402.75
400.87
400.18
399.32
397.27
396.33
395.48
394.62
394.28
392.91
392.27
391.41
390.34
389.7
388.42
386.63
384.57
381.58
380.31

